image_width: 640
image_height: 480
camera_name: imx219
camera_matrix:
  rows: 3
  cols: 3
  data: [1260.0013747395278, 0.0, 565.9654891531577,
         0.0, 1261.8791818365428, 346.3357800012453,
         0.0, 0.0, 1.0]
distortion_model: plumb_bob
distortion_coefficients:
  rows: 1
  cols: 5
  data: [0.024138614473490964, 0.40699171290588043, -0.008189035404892114, -0.025195022421564774, -0.9497480632256248]
rectification_matrix:
  rows: 3
  cols: 3
  data: [1.0, 0.0, 0.0,
         0.0, 1.0, 0.0,
         0.0, 0.0, 1.0]
projection_matrix:
  rows: 3
  cols: 4
  data: [1260.0013747395278, 0.0, 565.9654891531577, 0.0,
         0.0, 1261.8791818365428, 346.3357800012453, 0.0,
         0.0, 0.0, 1.0, 0.0]
